
[ 24.6279843869303325240993341824, 24.6279843869303325240993341824, 
24.6279843869303325240993341824, 24.6279843869303325240993341824 ]
[ 53.6876917475953892181374391387, 59.4674921840906682364824793736, 
25.9402730419290835292678865264, 25.6628038197669522350154578187 ]
[ 82.7275071182522895450140262628, 86.7346325581945902023605213880, 
31.3541979654425838677003388049, 24.9055280791294427955697187499 ]
[ 112.450332679003444967804260762, 115.390915378284321384744910024, 
36.8211969758696760763801873385, 25.4625643342064471986159450128 ]
[ 142.102657770778035999855226310, 144.564127407588153266890196248, 
42.5115522397062973258989636805, 24.7062938091065147884541763146 ]
[ 171.850832541396631285614903700, 173.914144367949914772060132039, 
48.1852029381174214264050487218, 25.3472912085763337062529671322 ]
[ 201.795495452940552103660263738, 203.430394575073837687946653626, 
54.3100347655011370962580260714, 24.1849149822962183716384638798 ]
[ 231.601656600857928850574340631, 233.253181452106795143450969823, 
59.9153029891626121100811872946, 24.8807273254299937910355620785 ]
[ 261.493127885922382772539397966, 263.030447803325268784794116902, 
65.7909460792197049097392010285, 24.9160570733280303099418105339 ]
[ 291.356996586217619653723374947, 292.914415094774074799795895893, 
71.7366055568220509416740204126, 24.6394919126193553583854220535 ]
[ 321.304822011634942784175722601, 322.884353916580869243034753635 ]
[ 351.230723748957064366550796122, 352.786927050144640672248130883 ]
[ 381.122656253059456466336919296, 382.723868188507406999443968395 ]
[ 404.688375348809919015912517674, 404.688349574890793447849693413 ]
[ 404.688185545245314258794888075, 404.687872435409086766587685609 ]
[ 404.686567887018579054731492541, 404.687145530893301782865516742 ]
